ag
1
1.93
al
3
1.61
au
1 2 3
2.54
b
3
2.04
ba
2
0.89
be
2
1.57
br
3
2.96
c
2 4
2.55
ca
2
1
cl
1 3 4 5 6 7
3.16
co
2 3
1.88
cr
2 3 4
1.66
cs
1
0.79
cu
1 2
1.9
er
3
1.24
f
1
3.98
fe
2 3
1.83
fr
1
0.7
h
1
2.2
hg
1 2
2
k
1
0.82
li
1
0.98
mg
2
1.31
mn
2 3 4 6 7
1.55
mo
4 6
2.16
n
1 2 3 4 5
3.04
na
1
0.93
o
2
3.44
p
3 5
2.19
pb
2 4
2.33
pd
2 4
2.2
po
2 4
2
pt
2 4 6 7
2.28
pu
3 4 5 6
1.28
ra
2
0.9
rh
2 3
2.28
s
2 4 6
2.58
sc
3
1.36
se
2 4 6
2.55
si
4
1.9
sm
2 3
1.17
sn
2 4
1.96
sr
2
0.95
ta
3 4
1.5
tb
3 4
1.1
tc
6 7
1.9
te
2 4 6
2.1
th
3 4
1.3
ti
2 4
1.54
tl
1 3
1.62
tm
3
1.25
u
3 4 6
1.38
v
3 5
1.63
w
2 4 6
2.36
zn
2
1.65
